%YAML:1.0
distortionData: !!opencv-matrix
rows: 1
cols: 5
data: [-0.036004, 0.000000, 0.000000, 0.000000, 0.000000 ]
