%YAML:1.0
extrinsicData: !!opencv-matrix
rows: 3
cols: 4
data: [0.0037, -0.0453, 0.9990, 2.1050, -0.9998, 0.0188, 0.0047, 0.0490, -0.0189, -0.9988, -0.0452, 0.919]
