%YAML:1.0
intrisicData: !!opencv-matrix
rows: 3
cols: 3
data: [2290.510000, 0.000000, 1066.940000, 0.000000, 2290.510000, 477.152000 , 0.000000, 0.000000, 1.000000]
