%YAML:1.0
projectionData: !!opencv-matrix
rows: 3
cols: 4
data: [2269.699585, 0.000000, 1051.294655, -473.977505882, 0.000000, 2269.699585, 458.462746, 0.000000, 0.000000, 0.000000, 1.000000, 0.000000]
