%YAML:1.0
rectificationData: !!opencv-matrix
rows: 3
cols: 3
data: [0.999999, -0.001186, 0.000677, 0.001181, 0.999972, 0.007356, -0.000686, -0.007355, 0.999973]
